time (ms)	x_pos(mm)	signal	error	trash	trash2
1250 	-2.79000000E-3	9.84286493E+0	4.55910730E-1	NaN	0.00000000E+0
1250 	1.05183192E+0	2.05220084E-1	1.21223048E-1	NaN	0.00000000E+0
1250 	-3.02715046E-1	6.01534422E+0	1.06537778E+0	NaN	0.00000000E+0
1250 	-9.01171205E-1	3.12969342E-1	1.50111377E-1	NaN	0.00000000E+0
1250 	-7.47720688E-1	3.45537005E-1	1.08859703E-1	NaN	0.00000000E+0
1250 	9.02566210E-1	5.59723440E-1	7.03655111E-2	NaN	0.00000000E+0
1250 	-6.02640360E-1	1.55891370E+0	3.97447381E-1	NaN	0.00000000E+0
1250 	-1.05183192E+0	1.29400921E-1	7.05248750E-2	NaN	0.00000000E+0
1250 	4.53375153E-1	3.81561658E+0	4.61812681E-1	NaN	0.00000000E+0
1250 	6.02640360E-1	2.25052314E+0	3.53045088E-1	NaN	0.00000000E+0
1250 	-1.53450006E-1	8.21968973E+0	4.89254989E-1	NaN	0.00000000E+0
1250 	1.53450006E-1	7.93959898E+0	6.36604769E-1	NaN	0.00000000E+0
1250 	7.53300704E-1	5.67125881E-1	2.34026443E-1	NaN	0.00000000E+0
1250 	-4.50585151E-1	2.44154148E+0	5.97541957E-1	NaN	0.00000000E+0
1250 	3.02715046E-1	6.31022261E+0	3.51278720E-1	NaN	0.00000000E+0
1450 	-1.05322692E+0	9.94884278E-2	2.65678916E-2	NaN	0.00000000E+0
1450 	6.02640360E-1	1.46117535E+0	3.13552008E-1	NaN	0.00000000E+0
1450 	7.53300704E-1	8.58688466E-1	4.24845149E-1	NaN	0.00000000E+0
1450 	-6.02640360E-1	6.99937076E-1	2.25742013E-1	NaN	0.00000000E+0
1450 	3.02715046E-1	5.43184673E+0	8.69429049E-1	NaN	0.00000000E+0
1450 	1.47870005E-1	7.81464354E+0	7.62629701E-1	NaN	0.00000000E+0
1450 	4.53375153E-1	3.29784276E+0	3.25568060E-1	NaN	0.00000000E+0
1450 	-4.51980152E-1	1.96578499E+0	3.66745335E-1	NaN	0.00000000E+0
1450 	2.79000000E-3	8.24359575E+0	4.08025448E-1	NaN	0.00000000E+0
1450 	-3.01320045E-1	3.57018671E+0	2.90488163E-1	NaN	0.00000000E+0
1450 	9.02566210E-1	4.00022578E-1	1.15555938E-1	NaN	0.00000000E+0
1450 	1.05322692E+0	7.26843802E-2	3.71595744E-2	NaN	0.00000000E+0
1450 	-7.51905700E-1	2.93089308E-1	6.34953716E-2	NaN	0.00000000E+0
1450 	-9.01171205E-1	8.29157053E-2	3.13467866E-2	NaN	0.00000000E+0
1450 	-1.49265005E-1	6.59473496E+0	7.12626619E-1	NaN	0.00000000E+0
190 	-1.35175907E+0	1.65204738E-1	1.41138588E-1	NaN	0.00000000E+0
190 	-1.50102557E+0	3.56968369E-1	2.56125049E-2	NaN	0.00000000E+0
190 	1.52055006E-1	3.24878909E+1	6.86031802E-1	NaN	0.00000000E+0
190 	-4.51980152E-1	1.44092834E+1	8.67458812E-1	NaN	0.00000000E+0
190 	-6.02640360E-1	7.39506982E+0	4.74612526E-1	NaN	0.00000000E+0
190 	-1.05322692E+0	1.33397974E+0	1.63477740E-1	NaN	0.00000000E+0
190 	3.01320045E-1	2.36704080E+1	1.58437058E+0	NaN	0.00000000E+0
190 	-1.39500000E-3	3.50985471E+1	3.24437444E+0	NaN	0.00000000E+0
190 	-7.53300704E-1	4.07201582E+0	7.77132729E-1	NaN	0.00000000E+0
190 	-2.97135043E-1	2.13279328E+1	2.02973229E+0	NaN	0.00000000E+0
190 	7.53300704E-1	6.06603792E+0	7.52598859E-1	NaN	0.00000000E+0
190 	-9.01171205E-1	2.24779586E+0	5.20564433E-1	NaN	0.00000000E+0
190 	6.02640360E-1	9.01262448E+0	9.75554744E-1	NaN	0.00000000E+0
190 	9.02566210E-1	2.56359278E+0	5.99827835E-1	NaN	0.00000000E+0
190 	-1.53450006E-1	3.03328547E+1	1.03690447E+0	NaN	0.00000000E+0
190 	1.50242058E+0	4.50084207E-1	1.92025871E-1	NaN	0.00000000E+0
190 	1.04764689E+0	2.19087591E+0	1.52951405E-1	NaN	0.00000000E+0
190 	-1.20249286E+0	5.75941633E-1	1.66270395E-1	NaN	0.00000000E+0
190 	4.53375153E-1	1.56986375E+1	1.24539932E+0	NaN	0.00000000E+0
190 	1.20249286E+0	7.67753558E-1	7.13042549E-2	NaN	0.00000000E+0
190 	1.35175907E+0	3.62174652E-1	1.61358677E-1	NaN	0.00000000E+0
1990 	7.53300704E-1	3.99376035E-1	9.97508009E-2	NaN	0.00000000E+0
1990 	-4.51980152E-1	4.02002323E-1	1.80264604E-1	NaN	0.00000000E+0
1990 	-9.02566210E-1	4.82061019E-2	2.64827427E-2	NaN	0.00000000E+0
1990 	9.02566210E-1	6.48467327E-2	4.06490735E-2	NaN	0.00000000E+0
1990 	-7.51905700E-1	7.64793762E-2	1.96175537E-2	NaN	0.00000000E+0
1990 	6.02640360E-1	9.42818271E-1	2.97900511E-1	NaN	0.00000000E+0
1990 	4.47795148E-1	2.29784514E+0	4.63318722E-1	NaN	0.00000000E+0
1990 	-2.79000000E-3	3.15044869E+0	1.44708804E+0	NaN	0.00000000E+0
1990 	1.52055006E-1	4.13627347E+0	1.17286655E+0	NaN	0.00000000E+0
1990 	-1.52055006E-1	3.25923182E+0	4.61047020E-1	NaN	0.00000000E+0
1990 	-1.05183192E+0	4.18167956E-2	2.16071459E-2	NaN	0.00000000E+0
1990 	-5.97060350E-1	2.24880935E-1	1.46551274E-1	NaN	0.00000000E+0
1990 	-2.98530044E-1	1.67296178E+0	5.87411002E-1	NaN	0.00000000E+0
1990 	3.02715046E-1	4.73201627E+0	4.78006583E-1	NaN	0.00000000E+0
290 	-1.53450006E-1	1.82063577E+1	1.13416764E+0	NaN	0.00000000E+0
290 	4.51980152E-1	7.85611364E+0	6.49794607E-1	NaN	0.00000000E+0
290 	1.05322692E+0	8.50552907E-1	2.22204231E-1	NaN	0.00000000E+0
290 	7.49115692E-1	2.73099507E+0	1.81482100E-1	NaN	0.00000000E+0
290 	-6.02640360E-1	3.77663042E+0	7.04846722E-1	NaN	0.00000000E+0
290 	1.20249286E+0	2.71647219E-1	1.34958755E-1	NaN	0.00000000E+0
290 	1.47870005E-1	1.86951404E+1	1.28397501E+0	NaN	0.00000000E+0
290 	-2.79000000E-3	2.22066086E+1	1.49188983E+0	NaN	0.00000000E+0
290 	-3.01320045E-1	1.57971198E+1	1.01530686E+0	NaN	0.00000000E+0
290 	6.02640360E-1	5.82103552E+0	5.53086171E-1	NaN	0.00000000E+0
290 	1.35315408E+0	2.68967149E-1	7.88539410E-2	NaN	0.00000000E+0
290 	-1.35315408E+0	1.92498966E-1	4.62270979E-2	NaN	0.00000000E+0
290 	-4.47795148E-1	6.92400240E+0	2.35876833E-1	NaN	0.00000000E+0
290 	9.02566210E-1	1.05161266E+0	2.90722023E-1	NaN	0.00000000E+0
290 	-1.05183192E+0	6.36963802E-1	2.30750427E-1	NaN	0.00000000E+0
290 	3.02715046E-1	1.49830497E+1	7.60406803E-1	NaN	0.00000000E+0
290 	-9.01171205E-1	1.55783621E+0	3.43432676E-1	NaN	0.00000000E+0
290 	-1.20109785E+0	5.34595521E-1	1.76843450E-1	NaN	0.00000000E+0
290 	-7.47720688E-1	2.33588186E+0	4.45621205E-1	NaN	0.00000000E+0
490 	2.79000000E-3	1.66436646E+1	1.30455617E+0	NaN	0.00000000E+0
490 	-3.01320045E-1	1.01750819E+1	7.59485995E-1	NaN	0.00000000E+0
490 	7.53300704E-1	1.32094067E+0	2.92217173E-1	NaN	0.00000000E+0
490 	-1.35175907E+0	1.75263120E-1	7.97854404E-2	NaN	0.00000000E+0
490 	-1.04764689E+0	3.43617710E-1	1.31513500E-1	NaN	0.00000000E+0
490 	4.53375153E-1	5.06635816E+0	8.60388671E-1	NaN	0.00000000E+0
490 	-4.53375153E-1	4.93838508E+0	2.95892621E-1	NaN	0.00000000E+0
490 	6.02640360E-1	3.28956360E+0	1.31149321E-1	NaN	0.00000000E+0
490 	-6.01245358E-1	2.53773537E+0	3.55194203E-1	NaN	0.00000000E+0
490 	-9.01171205E-1	7.28723141E-1	1.26792098E-1	NaN	0.00000000E+0
490 	-1.49265005E-1	1.37968546E+1	1.25401319E+0	NaN	0.00000000E+0
490 	1.35175907E+0	1.29176439E-1	3.75259806E-2	NaN	0.00000000E+0
490 	-7.51905700E-1	1.58860314E+0	2.78395650E-1	NaN	0.00000000E+0
490 	1.53450006E-1	1.36034677E+1	1.06737251E+0	NaN	0.00000000E+0
490 	1.05322692E+0	2.35420198E-1	1.31872612E-1	NaN	0.00000000E+0
490 	2.97135043E-1	1.09886269E+1	1.74814441E+0	NaN	0.00000000E+0
490 	-1.50102557E+0	3.92856122E-2	1.98804978E-2	NaN	0.00000000E+0
490 	9.01171205E-1	1.16723651E+0	2.16142019E-1	NaN	0.00000000E+0
490 	-1.20249286E+0	2.91057832E-1	1.96289508E-1	NaN	0.00000000E+0
490 	1.20249286E+0	4.63283145E-1	1.70360553E-1	NaN	0.00000000E+0
490 	1.50242058E+0	2.14350054E-1	1.00114029E-1	NaN	0.00000000E+0
690 	-1.05183192E+0	1.72300232E-1	8.57001315E-2	NaN	0.00000000E+0
690 	7.53300704E-1	1.44659322E+0	2.21337644E-1	NaN	0.00000000E+0
690 	-2.79000000E-3	1.28576935E+1	9.98797318E-1	NaN	0.00000000E+0
690 	1.20249286E+0	1.97180089E-1	8.85712053E-2	NaN	0.00000000E+0
690 	2.98530044E-1	8.18685843E+0	7.82503921E-1	NaN	0.00000000E+0
690 	6.02640360E-1	4.12571309E+0	7.76228451E-1	NaN	0.00000000E+0
690 	9.02566210E-1	9.44495417E-1	8.38218501E-2	NaN	0.00000000E+0
690 	-3.01320045E-1	7.59442465E+0	2.98841057E-1	NaN	0.00000000E+0
690 	-7.53300704E-1	6.86325052E-1	2.16672715E-1	NaN	0.00000000E+0
690 	1.53450006E-1	1.13976171E+1	5.76803386E-1	NaN	0.00000000E+0
690 	-4.51980152E-1	4.01805524E+0	6.10541159E-1	NaN	0.00000000E+0
690 	-9.02566210E-1	8.92453572E-1	3.50011234E-1	NaN	0.00000000E+0
690 	-1.20109785E+0	7.25991902E-2	2.85465485E-2	NaN	0.00000000E+0
690 	4.53375153E-1	6.59049554E+0	1.33954307E+0	NaN	0.00000000E+0
690 	-6.01245358E-1	1.56285197E+0	1.84506258E-1	NaN	0.00000000E+0
690 	-1.47870005E-1	1.32310396E+1	6.50524153E-1	NaN	0.00000000E+0
690 	1.05322692E+0	1.19259888E-1	6.49078224E-2	NaN	0.00000000E+0
850 	9.02566210E-1	3.94442333E-1	9.63982706E-2	NaN	0.00000000E+0
850 	-2.79000000E-3	1.28627369E+1	1.09746830E+0	NaN	0.00000000E+0
850 	6.01245358E-1	2.54309260E+0	4.20292689E-1	NaN	0.00000000E+0
850 	-1.53450006E-1	1.10583838E+1	6.07528503E-1	NaN	0.00000000E+0
850 	-4.51980152E-1	3.39140319E+0	5.92226812E-1	NaN	0.00000000E+0
850 	-7.51905700E-1	7.10652574E-1	2.13430354E-1	NaN	0.00000000E+0
850 	1.53450006E-1	1.36072961E+1	1.34692562E+0	NaN	0.00000000E+0
850 	4.53375153E-1	5.46751991E+0	1.13702429E+0	NaN	0.00000000E+0
850 	2.97135043E-1	8.27286766E+0	1.30139270E+0	NaN	0.00000000E+0
850 	1.05183192E+0	1.18879324E-1	5.06146255E-2	NaN	0.00000000E+0
850 	7.49115692E-1	1.55702436E+0	5.66708102E-1	NaN	0.00000000E+0
850 	-9.02566210E-1	4.23041652E-1	1.55310386E-1	NaN	0.00000000E+0
850 	-1.05183192E+0	2.11520692E-1	6.05608237E-2	NaN	0.00000000E+0
850 	-2.98530044E-1	7.50444874E+0	7.07169378E-1	NaN	0.00000000E+0
850 	-6.01245358E-1	1.39922106E+0	6.76602421E-2	NaN	0.00000000E+0
990 	7.53300704E-1	3.99376035E-1	9.97508009E-2	NaN	0.00000000E+0
990 	-4.51980152E-1	4.02002323E-1	1.80264604E-1	NaN	0.00000000E+0
990 	-9.02566210E-1	4.82061019E-2	2.64827427E-2	NaN	0.00000000E+0
990 	9.02566210E-1	6.48467327E-2	4.06490735E-2	NaN	0.00000000E+0
990 	-7.51905700E-1	7.64793762E-2	1.96175537E-2	NaN	0.00000000E+0
990 	6.02640360E-1	9.42818271E-1	2.97900511E-1	NaN	0.00000000E+0
990 	4.47795148E-1	2.29784514E+0	4.63318722E-1	NaN	0.00000000E+0
990 	-2.79000000E-3	3.15044869E+0	1.44708804E+0	NaN	0.00000000E+0
990 	1.52055006E-1	4.13627347E+0	1.17286655E+0	NaN	0.00000000E+0
990 	-1.52055006E-1	3.25923182E+0	4.61047020E-1	NaN	0.00000000E+0
990 	-1.05183192E+0	4.18167956E-2	2.16071459E-2	NaN	0.00000000E+0
990 	-5.97060350E-1	2.24880935E-1	1.46551274E-1	NaN	0.00000000E+0
990 	-2.98530044E-1	1.67296178E+0	5.87411002E-1	NaN	0.00000000E+0
990 	3.02715046E-1	4.73201627E+0	4.78006583E-1	NaN	0.00000000E+0
990 	-9.02566210E-1	7.99038080E-2	2.74069598E-2	NaN	0.00000000E+0
990 	3.01320045E-1	5.93342644E+0	9.40254655E-1	NaN	0.00000000E+0
990 	-1.05183192E+0	1.98008223E-1	7.24510602E-2	NaN	0.00000000E+0
990 	-2.97135043E-1	6.54768757E+0	8.10744813E-1	NaN	0.00000000E+0
990 	1.53450006E-1	1.06768912E+1	7.54320232E-1	NaN	0.00000000E+0
990 	4.51980152E-1	4.37683085E+0	8.73623963E-1	NaN	0.00000000E+0
990 	-6.01245358E-1	7.86355550E-1	2.34307492E-1	NaN	0.00000000E+0
990 	7.53300704E-1	9.38665733E-1	3.96704956E-1	NaN	0.00000000E+0
990 	-2.79000000E-3	1.02385041E+1	5.11193076E-1	NaN	0.00000000E+0
990 	1.05183192E+0	1.98566722E-1	8.07781394E-2	NaN	0.00000000E+0
990 	-7.51905700E-1	6.45377152E-1	1.54865659E-1	NaN	0.00000000E+0
990 	6.02640360E-1	1.49733834E+0	1.78348984E-1	NaN	0.00000000E+0
990 	-4.51980152E-1	1.53758667E+0	3.04023575E-1	NaN	0.00000000E+0
990 	-1.47870005E-1	7.77495186E+0	1.52106485E+0	NaN	0.00000000E+0
990 	9.01171205E-1	4.37092438E-1	7.37508293E-2	NaN	0.00000000E+0
990 	1.20109785E+0	1.45145687E-1	8.12420613E-2	NaN	0.00000000E+0
990 	-1.20109785E+0	9.59487389E-2	5.88785153E-2	NaN	0.00000000E+0
